distortioncoeff:
  - 0.1234
  - 0.5678
  - 0.9123
  - 0.4567
  - 0.8901

camera_matrix:
  rows: 3
  cols: 3
  data:
    - 1000
    - 0
    - 500
    - 0
    - 1000
    - 400
    - 0
    - 0
    - 1
