%YAML 1.0
distortion_coeff: [-0.20730, -0.1343, 0.00000, 0.01260, 0.05390]
camera_matrix: 
  rows: 3
  cols: 3
  data: [1850.906255, 0.0000, 496.601643,
         0.0000, 1846.847240, 212.542900,
         0.0000, 0.0000, 1.0000]

