%YAML 1.0
distortion_coeff: [-0.200751,0.144278, -0.000000, -0.000732, 0.004354]
camera_matrix: 
  rows: 3
  cols: 3
  data: [1753.058013, 0.000000, 769.090679,
         0.000000, 1756.054512, 557.696355,
         0.000000, 0.000000, 1.000000
        ]

