%YAML 1.0
distortion_coeff: [-0.2279116215019818, 0.21492289599618916, 0.0000000, 5.6658753599325384e-05, 0.0010773150920991793]
camera_matrix: 
  rows: 3
  cols: 3
  data: [1782.2076579714371, 0.0, 749.4758420923423, 
         0.0, 1781.2923963346093, 572.370002400968,
         0.0, 0.0, 1.0
        ]

